011010001000010000
011010000100010000
011010000010010000
011010000001010000
011010000000110000
010110001000010000
010110000100010000
010110000010010000
010110000001010000
010110000000110000
011001001000010000
011001000100010000
011001000010010000
011001000001010000
011001000000110000
010101001000010000
010101000100010000
010101000010010000
010101000001010000
010101000000110000
011000101000010000
011000100100010000
011000100010010000
011000100001010000
011000100000110000
010100101000010000
010100100100010000
010100100010010000
010100100001010000
010100100000110000
011000011000010000
011000010100010000
011000010010010000
011000010001010000
011000010000110000
010100011000010000
010100010100010000
010100010010010000
010100010001010000
010100010000110000
011010001000001000
011010000100001000
011010000010001000
011010000001001000
011010000000101000
010110001000001000
010110000100001000
010110000010001000
010110000001001000
010110000000101000
011001001000001000
011001000100001000
011001000010001000
011001000001001000
011001000000101000
010101001000001000
010101000100001000
010101000010001000
010101000001001000
010101000000101000
011000101000001000
011000100100001000
011000100010001000
011000100001001000
011000100000101000
010100101000001000
010100100100001000
010100100010001000
010100100001001000
010100100000101000
011000011000001000
011000010100001000
011000010010001000
011000010001001000
011000010000101000
010100011000001000
010100010100001000
010100010010001000
010100010001001000
010100010000101000
011010001000000100
011010000100000100
011010000010000100
011010000001000100
011010000000100100
010110001000000100
010110000100000100
010110000010000100
010110000001000100
010110000000100100
011001001000000100
011001000100000100
011001000010000100
011001000001000100
011001000000100100
010101001000000100
010101000100000100
010101000010000100
010101000001000100
010101000000100100
011000101000000100
011000100100000100
011000100010000100
011000100001000100
011000100000100100
010100101000000100
010100100100000100
010100100010000100
010100100001000100
010100100000100100
011000011000000100
011000010100000100
011000010010000100
011000010001000100
011000010000100100
010100011000000100
010100010100000100
010100010010000100
010100010001000100
010100010000100100
011010001000000010
011010000100000010
011010000010000010
011010000001000010
011010000000100010
010110001000000010
010110000100000010
010110000010000010
010110000001000010
010110000000100010
011001001000000010
011001000100000010
011001000010000010
011001000001000010
011001000000100010
010101001000000010
010101000100000010
010101000010000010
010101000001000010
010101000000100010
011000101000000010
011000100100000010
011000100010000010
011000100001000010
011000100000100010
010100101000000010
010100100100000010
010100100010000010
010100100001000010
010100100000100010
011000011000000010
011000010100000010
011000010010000010
011000010001000010
011000010000100010
010100011000000010
010100010100000010
010100010010000010
010100010001000010
010100010000100010
011010001000000001
011010000100000001
011010000010000001
011010000001000001
011010000000100001
010110001000000001
010110000100000001
010110000010000001
010110000001000001
010110000000100001
011001001000000001
011001000100000001
011001000010000001
011001000001000001
011001000000100001
010101001000000001
010101000100000001
010101000010000001
010101000001000001
010101000000100001
011000101000000001
011000100100000001
011000100010000001
011000100001000001
011000100000100001
010100101000000001
010100100100000001
010100100010000001
010100100001000001
010100100000100001
011000011000000001
011000010100000001
011000010010000001
011000010001000001
011000010000100001
010100011000000001
010100010100000001
010100010010000001
010100010001000001
010100010000100001
101010001000010000
101010000100010000
101010000010010000
101010000001010000
101010000000110000
100110001000010000
100110000100010000
100110000010010000
100110000001010000
100110000000110000
101001001000010000
101001000100010000
101001000010010000
101001000001010000
101001000000110000
100101001000010000
100101000100010000
100101000010010000
100101000001010000
100101000000110000
101000101000010000
101000100100010000
101000100010010000
101000100001010000
101000100000110000
100100101000010000
100100100100010000
100100100010010000
100100100001010000
100100100000110000
101000011000010000
101000010100010000
101000010010010000
101000010001010000
101000010000110000
100100011000010000
100100010100010000
100100010010010000
100100010001010000
100100010000110000
101010001000001000
101010000100001000
101010000010001000
101010000001001000
101010000000101000
100110001000001000
100110000100001000
100110000010001000
100110000001001000
100110000000101000
101001001000001000
101001000100001000
101001000010001000
101001000001001000
101001000000101000
100101001000001000
100101000100001000
100101000010001000
100101000001001000
100101000000101000
101000101000001000
101000100100001000
101000100010001000
101000100001001000
101000100000101000
100100101000001000
100100100100001000
100100100010001000
100100100001001000
100100100000101000
101000011000001000
101000010100001000
101000010010001000
101000010001001000
101000010000101000
100100011000001000
100100010100001000
100100010010001000
100100010001001000
100100010000101000
101010001000000100
101010000100000100
101010000010000100
101010000001000100
101010000000100100
100110001000000100
100110000100000100
100110000010000100
100110000001000100
100110000000100100
101001001000000100
101001000100000100
101001000010000100
101001000001000100
101001000000100100
100101001000000100
100101000100000100
100101000010000100
100101000001000100
100101000000100100
101000101000000100
101000100100000100
101000100010000100
101000100001000100
101000100000100100
100100101000000100
100100100100000100
100100100010000100
100100100001000100
100100100000100100
101000011000000100
101000010100000100
101000010010000100
101000010001000100
101000010000100100
100100011000000100
100100010100000100
100100010010000100
100100010001000100
100100010000100100
101010001000000010
101010000100000010
101010000010000010
101010000001000010
101010000000100010
100110001000000010
100110000100000010
100110000010000010
100110000001000010
100110000000100010
101001001000000010
101001000100000010
101001000010000010
101001000001000010
101001000000100010
100101001000000010
100101000100000010
100101000010000010
100101000001000010
100101000000100010
101000101000000010
101000100100000010
101000100010000010
101000100001000010
101000100000100010
100100101000000010
100100100100000010
100100100010000010
100100100001000010
100100100000100010
101000011000000010
101000010100000010
101000010010000010
101000010001000010
101000010000100010
100100011000000010
100100010100000010
100100010010000010
100100010001000010
100100010000100010
101010001000000001
101010000100000001
101010000010000001
101010000001000001
101010000000100001
100110001000000001
100110000100000001
100110000010000001
100110000001000001
100110000000100001
101001001000000001
101001000100000001
101001000010000001
101001000001000001
101001000000100001
100101001000000001
100101000100000001
100101000010000001
100101000001000001
100101000000100001
101000101000000001
101000100100000001
101000100010000001
101000100001000001
101000100000100001
100100101000000001
100100100100000001
100100100010000001
100100100001000001
100100100000100001
101000011000000001
101000010100000001
101000010010000001
101000010001000001
101000010000100001
100100011000000001
100100010100000001
100100010010000001
100100010001000001
100100010000100001