47
41
35
30
26
26
22
19
16
14
34
29
25
21
18
16
15
13
11
9
24
20
17
15
13
13
11
9
8
6
17
14
12
10
9
9
7
6
5
4
33
28
24
21
18
18
15
13
11
9
24
20
17
14
12
12
10
9
7
6
17
14
12
10
8
9
7
6
5
4
12
10
8
7
6
6
5
4
3
3
22
19
16
13
12
12
10
8
7
6
16
13
11
9
8
8
7
6
5
4
11
9
8
6
5
6
5
4
3
3
8
6
5
4
4
4
3
3
2
2
14
12
10
8
7
7
6
5
4
4
10
8
7
6
5
5
4
3
3
2
7
6
5
4
3
3
3
2
2
2
5
4
3
3
2
2
2
2
1
1
4
3
3
2
2
2
2
1
1
1
3
2
2
2
1
1
1
1
1
1
2
2
1
1
1
1
1
1
1
0
1
1
1
1
1
1
1
1
0
0
22
19
17
15
13
12
10
9
8
7
16
13
12
10
9
8
7
6
5
5
11
9
8
7
6
6
5
4
3
3
7
6
5
5
4
4
3
3
2
2
13
11
10
9
8
7
6
5
4
4
9
8
7
6
5
5
4
3
3
3
6
5
5
4
3
3
3
2
2
2
4
4
3
3
2
2
2
2
1
1
7
6
5
5
4
4
3
3
2
2
5
4
4
3
3
3
2
2
2
1
3
3
2
2
2
2
1
1
1
1
2
2
2
1
1
1
1
1
1
1
4
3
3
2
2
2
2
1
1
1
3
2
2
2
1
1
1
1
1
1
2
1
1
1
1
1
1
1
1
0
1
1
1
1
1
1
1
1
0
0
1
1
0
0
0
0
0
0
0
0
0
0
0
0
0
0
0
0
0
0
0
0
0
0
0
0
0
0
0
0
0
0
0
0
0
0
0
0
0
0